# Created by Octave 4.0.3, Sat May 13 19:53:33 2017 ART <agophurmuz@Chopi.local>
# name: obtainedOutputs
# type: cell
# rows: 1
# columns: 2
# name: <cell-element>
# type: scalar
-0.4099317793440896



# name: <cell-element>
# type: scalar
0.023009923814445





