# Created by Octave 4.0.3, Sat May 13 19:53:33 2017 ART <agophurmuz@Chopi.local>
# name: finalSeconds
# type: scalar
1.510820865631104


